1
1001
Carrot
50
10
15
3
5
1
1002
Banana
24
7.5
10
1
10
1
1003
Milk
2
65
70
5
0
1
1004
Tea
70
140
145
4
25
1
1005
Sugar
10
80
90
5
2
1
1006
Apple
30
12
18
3
0
1
1007
Bread
15
30
35
5
10
1
1008
Cheese
5
90
100
5
15
1
1009
Coffee
8
50
60
5
5
1
1010
Eggs
20
5
7
3
0
1
1011
Fish
12
80
90
5
0
1
1012
Grapes
18
15
20
3
0
1
1013
Honey
6
120
130
5
10
1
1014
Juice
7
45
55
4
5
1
1015
Lemon
25
8
12
3
0
1
1016
Orange
20
9
15
3
0
1
1017
Pasta
14
40
50
5
5
1
1018
Rice
40
60
70
5
0
1
1019
Salt
18
4
6
3
0
1
1020
Tomato
22
7
10
3
0
