 Carrot            1001       40         10.00           15.00          3.00   5.00     
 Banana            1002       12         7.50            10.00          1.00   10.00    
 Milk              1003       2          65.00           70.00          5.00   0.00     
 Tea               1004       62         140.00          145.00         4.00   25.00    
 Sugar             1005       6          80.00           90.00          5.00   2.00     
 Bread             1007       11         30.00           35.00          5.00   10.00    
 Cheese            1008       1          90.00           100.00         5.00   15.00    
 Coffee            1009       2          50.00           60.00          5.00   5.00     
 Eggs              1010       0          5.00            7.00           3.00   0.00     
 Fish              1011       5          80.00           90.00          5.00   0.00     
 Grapes            1012       2          15.00           20.00          3.00   0.00     
 Honey             1013       6          120.00          130.00         5.00   10.00    
 Juice             1014       0          45.00           55.00          4.00   5.00     
 Lemon             1015       17         8.00            12.00          3.00   0.00     
 Orange            1016       20         9.00            15.00          3.00   0.00     
 Pasta             1017       7          40.00           50.00          5.00   5.00     
 Rice              1018       25         60.00           70.00          5.00   0.00     
 Tomato            1020       4          7.00            10.00          3.00   0.00     
 Cocola Noodles    1019       45         110.00          150.00         2.00   0.00     
 Whipped Cream     1021       6          100.00          150.00         0.00   100.00   
